311 29 30 31 32 33 34 35 36
79 8 9 10 11 12 13 14 15 16 17 18 21
5058 19 20 21 22 23 24 25 26 27 28 29 30 31 32 33 34 35 36
5493 1 2 3 4 5 6 7 8 9 10 11 12 13 14 15 16 17 18 19 20 21 22 23 24 25 26 27 28 29 30 31 32 33 34 35 36
5712 1 2 3 4 5 6 7 8 9 10 11 12 13 14 15 16 17 18 19 20 21 22 23 24 25 26 27 28 29 30 31 32 33 34 35 36
1648 11 12 13 14 15 16
5298 22 23 24 25 26 27 28 29 30 31 32 33 34 35 36
501 4 5 6 7 8 9 10 11 12 13 14 15 16 17 18 19 20 21 22 23 24 25 26 27 28 29 30 31 32 33 34 35 36
942 8 9 10 11 12 13 14 15 16 17 18 19 20 21 22 23 24 25 26 27 28 29 30 31 32 33 34
998 26 27 28 29 30 31 32 33 34
1077 1 2 3 4 5 6 7 8 9 10 11 12 13 26 27 28 29 30 31 32 33 34 35 36
109 1 2 3
2615 1 2 3 4 5 11 12 13 14 15 16 17 18 19 20 21 22 23 24 25 26 27
1455 5 6 7 8 9 10 11 12 13 14 15
1483 15
2551 5 6 7 8 9 10 11 12 13 14 15 16 17 18 19 20 21 22 23 24 25 26 27 28 29 30 31 32 33 34 35 36
2599 6 7 8 9 10
387 1 2 3 4 5 6 7 8 9 10 11 12 13 14 16 17 18 19 20 29 30 31 32 33 34 35 36
735 3 4 5 6 7 8 9 10 11 12 13 14 15 16 17 18 19 20 21 22 23 24 25 26 27 28 29 30 31 32
4035 10 11 12 13 14 15 16 17 18 19 20 21 22 23 24 25 26 27 28 29 30 31 32 33 34 35 36
4191 12 13 14 15 16 17 18 19 20 21 22 23 24 25 26 27 28 29 30 31 32 33 34 35 36
4331 27 28 29 30 31 32 33 34 35 36
4244 27 28 29 30 31 32 33 34 35 36
2538 3 4 5 6 7 8 9 10 11 12 13 14 15 16 17 18 19 20 21 22 23 24 25 26 27 28 29 30 31 32 33 34 35 36
546 14 15 16 17
4311 2 3 4 5 6 7 8 9 10 11 12 13 14 15
4363 11 12 13 14 15 16 17 18 19 20 21 22 23 24 25 26
4569 7 8 9 10 11 12 13 14 15 16 17 18
2059 22 23 24 25 26 27 28 29 30 31 32 33 34 35 36
59 13 14 15 16 17 18
1842 6 30 31 32 33 34 35 36
1428 3 18 19 20 21 22 23 24 25 26 27 28 29 30 31 32 33 34 35 36
6748 9 10 11 12 13 14 15 16 17 18 19 20 21 22 23 24 25 26 27 28 29 30 31 32 33 34 35 36
6794 7 8 9 10 11 12 13 14 15 16 17 18 19 20 21 22 23 24 25 26 27 28 29 30 31 32 33 34 35 36
6883 1 2 3 4 5 6 7 8 9 10 11 12 13 14 15 16 17 18 19 20 21 22 23 24 25 26 27 28 29 30 31 32 33 34 35 36
218 29 30 31 32 33 34 35 36
1935 1 2 3 4 6 30 31 32 33 34 35 36
112 19 20
5278 2 3 4 5 6 7 8 9 10 11 12 13 14 15 16 17 18 19 20 21 22 23 24 25 26 27 28 29 30 31 32 33 34 35 36
5298 3 4 5 6 7 8 9 10 11 12 13 14 15 16 17 18 19 20 21
641 31 32 33 34 35 36
1907 5 7 8 9 10 11 12 13 14 15 16 17 18 19 20 21 22 23 24 25 26 27 28 29
4785 3 4 5 6 7 8 9 10 11 12 13 14 15 16 17 18 19 20 21 22 23 24 25 26 27 28 29 30 31 32 33 34 35 36
1120 1 2 3 4 5 6 7 8 9 10 11 12 13 14 15 16 17 18 19
1337 18 19 20 21 22 23 24 25 26 27 28 29 30 31 32 33 34 35 36
980 1 2 3 4 5 6 7 35 36
4311 16 17 18 19 20 21 22 23 24 25 26
4244 11 12 13 14 15 16 17 18 19 20 21 22 23 24 25 26
1132 2 3 4 5 6 7 8 9 10 11 12
295 24 25 26 27 28
88 34 35 36
812 4 5 6 7 8 9 10 11 12 13 14 15 16 17
4459 6 7 8 9 10 11 12 13 14 15 16 17 18 19 20 21 22 23 24 25 26 27 28 29 30 31 32 33 34 35 36
1529 20 21 22 23 24 25 26 27 28 29 30 31 32 33 34 35 36
1492 3 4 5 6 7 8 9 10 11 12 13 14 18 19 20 21 22 23 24 25 26 27 28 29 30 31 32 33 34 35 36
1597 2 3 4 5 6 7 8 9 10 11 12 13 14 15 16 17 18 19 20 21 22 23 24 25 26 27 28 29 30 31 32 33 34 35 36
2783 2 3 4 5
2739 1 2 3 4 5 6 7 8 9 10 11 12 13 14 15 16 17 18 19 20 21 22 23 24 25 26 27
2708 2 3 4 5 6 7 8 9 10 11 12 13 14 15 16 17 18 19 20 21 22 23 24 25 26 27 28 29 30 31 32 33 34 35 36
2010 4 5 6 7 8 9 10 11 12 13 14 15 16 17 18 19 20 21
6711 12 13 14 15 16 17 18 19 20 21 22 23 24 25 26 27 28 29 30 31 32 33 34 35 36
3415 14 15 16 17 18 19 20 21 22 23 24 25 26 27 28 29 30 31 32 33 34 35 36
3927 1 2 3 4 5 6 20 21 22 23 24 25 26 27 28 29 30 31 32 33 34 35 36
3931 35 36
6405 16 17 18 19 20 21 22 23 24 25 26 27 28 29 30 31 32 33 34 35 36
6469 1 2 3 4 5 6 7 8 9 10 11 12 13
6517 6 7 8 9 10 11 12 13 14 15 16 17 18 19 20 21 22 23 24 25 26 27 28 29 30 31 32 33 34 35 36
163 23 25 26 27 28 29 30 31 32 33 34 35 36
252 16 17 18 19 20 21 22 23 24 25 26 27 28
2351 1 2 3 4 5 6 7 8 9 10 11 12 13 14 15 16 17 18 19 20
3492 4 5 6 7 8 9 10 11 12 13
4154 24 25 26 27 28 29 30 31 32 33 34 35 36
4597 6 7 8 9 10 11 12 13 14 15 16 17 18
4874 13 14 15 16 17 18 19 20 21 22 23 24 25 26 27 28 29 30 31 32 33 34 35 36
2100 4 5 6 7 8 9 10 11 12 13 14 15 16 17 18 19 20 21 22 23 24 25 26 27 28 29 30 31 32 33 34 35 36
5204 23 24 25 26 27 28 29 30 31 32 33 34 35 36
445 2 3 4 5 6 7 8 9 10 11 12 13 14 15 16 17 18 19 20 21 22 23 24 25 26 27 28 29 30 31 32 33 34 35 36
52 19 20
36 4 5 6 7 8 9 10 11 12 13 14 15 16 17 18 19
6144 1 2 3 4 5 6 7 8 9 10 11 12
6126 9 10 11 12 13 14 15 16 17 18 19 20 21 22 23 24 25 26 27 28 29 30 31 32 33 34 35 36
5096 12 13 14 15 16 17 18 19 20 21 22 23 24 25 26 27 28 29 30 31 32 33 34 35 36
5058 4 5 6 7 8 9 10 11 12 13 14 15 16 17 18
2996 7 8 9 10 11 12 13 14 15 16 17 18 19 20 21 22 23 24 25 26
6054 3 14 15 16 17 18 19 20 21 22 23 24 25 26 27 28 29 30 31 32 33 34 35 36
1727 2 3 4 5 6 7 8 9 10 11 12 13 14 15 16 17 18 19 20 21 22 23 24 25 26 27 28 29
1660 1 2 3 4 5 6 7 8 9 10 17 18 19 20 21 22 23 24 25 26 27 28 29 30 31 32 33 34 35 36
163 1 2 3 4 5 6 7 8 9 10 11 12 13 14 15 16 17 18 21 22
246 1 2 3 4 5 6 7 8 9 10 11 12 13 14 15 16 17 18 19 20 21 22 23 24 25 26 27 28
109 4 5 6 7 8 9 10 11 12 13 14 15 16 17 18 21 22 23
1337 1 2 3 4 5 6 7 8 9 10 11 12 13 14 15 16 17
2783 17 18 19 20 21 22 23 24 25 26 27 28 29 30 31 32 33 34 35 36
2945 2 3 4 5 6 27 28 29 30 31 32 33 34 35 36
2852 27 28 29 30 31 32 33 34 35 36
0 1 2 3
85 1 2 3 4 5 6 7 8 9 10 11 12 13 14 15 16 17 18 21 22 23
4085 7 8 9 10 11 12 13 14 15 16 17 18 19 20 21 22 23 24 25 26 27 28 29 30 31 32 33 34 35 36
4143 18 19 20 21 22 23 24 25 26 27 28 29 30 31 32 33 34 35 36
2170 1 2 3 4 5 6 7 8 9 10 11 12 13 14 15 16 17 18 19 20 21 22 23 24 25 26 27 28 29 30 31 32 33 34 35 36
2213 36
2162 3 4 5 6 7 8 9 10 11 12 13 14 15 16 17 18 19 20 21 22 23 24 25 26 27 28 29 30 31 32 33 34 35 36
3019 4 5 6 7 8 9 10 11 12 13 14 15 16 17 18 19 20 21 22 23 24 25 26 27 28 29 30 31 32 33 34 35 36
3013 1 2 3 4 5 6 7 8 9 10 11 12 13 14 15 16 17 18 19 20 21 22 23 24 25 26 27 28 29 30 31 32 33 34 35 36
3099 3 4 5 6 7 8 9 10 11 12 13 14 15 16 17 18
3734 4 5 6 7 8 9 10 11 12 13 14 15 16 17 18 19 20 21 22 23 24 25 26 27 28 29 30 31 32 33 34 35 36
3925 20 21 22 23 24 25 26 27 28 29 30 31 32 33 34 35 36
3415 3 4 5 6 7 8 9 10 11 12 13
4143 1 2 3 4 5 6 7 8 9 10 11 12 13 14 15 16 17
6559 18 19 20 21 22 23 24 25 26 27 28 29 30 31 32 33 34 35 36
6641 20 21 22 23 24 25 26 27 28 29 30 31 32 33 34 35 36
325 25 26 27 28
4682 9 10 11 12 13 14 15 16 17 18 19 20 21 22 23 24 25 26 27 28 29 30 31 32 33 34 35 36
4766 23 24 25 26 27 28 29 30 31 32 33 34 35 36
4967 3 4 5 6 7 8 9 10 11 12 13 14 15 16 17 18 19 20 21 22 23 24 25 26 27 28 29 30 31 32 33 34 35 36
4874 1 2 3 4 5 6 7 8 9 10 11 12
76 7 8 9 10 11 12 13 14 15 16 17 18 21
2299 1 2 3 4 5 6 7 8 9 10 11 12 13 14 15 16 17 18 19 20
2213 5 6 7 8 9 10 11 12 13 14 15 16 17 18 19 20 21 22 23 24 25 26 27
2251 1 2 3 4 5 6 7 8 9 10 11 12 13 14 15 16 17 18 19 20 21 22 23 24 25 26 27 28 29 30 31 32 33 34 35
998 17 18 19 20 21 22 23 24 25
3230 4 5 6 7 8 9 10 11 12 13 14 15 16 17 18 19 20 21 22 23 24 25 26 27 28 29 30 31 32 33 34 35 36
3250 4 5 6 7 8 9 10 11 12 13 14 15 16 17 18 19 20 21 22 23 24 25 26 27 28 29 30 31 32 33 34 35 36
3145 4 5 6 7 8 9 10 11 12 13 14 15 16 17 18 19 20 21 22 23 24 25 26 27 28 29 30 31 32 33 34 35 36
2783 6 7 8 9 10 11 12 13 14 15 16
3973 1 2 3 4 5 6 7 8 9 35 36
6072 8 9 10 11 12 13 14 15 16 17 18 19 20 21 22 23 24 25 26 27 28 29 30 31 32 33 34 35 36
4569 19 20 21 22 23 24 25 26 27 28 29 30 31 32 33 34 35 36
4506 1 2 3 4 5 6 7 8 9 10 11 12 13 14 15 16 17 18 19 20 21 22 23 24 25 26 27 28 29 30 31 32 33 34 35 36
4628 2 3 4 5 19 20 21 22 23 24 25 26 27 28 29 30 31 32 33 34 35 36
5180 3 4 5 6 7 8 9 10 11 12 13 14 15 16 17 18 19 20 21 22 23 24 25 26 27 28 29 30 31 32 33 34 35 36
5204 3 4 5 6 7 8 9 10 11 12 13 14 15 16 17 18 19 20 21 22
218 25 26 27 28
2366 2 3 4 5 6 7 8 9 10 11 12 13 14 15 16 17 18 19 20
1379 4 5 6 7 8 9 10 11 12 13 14 15 16 17
1455 16 17
384 1 2 3 4 5 6 7 8 9 10 11 12 13 14 16 17 18 19 20
5405 17 18 19 20 21 22 23 24 25 26 27 28 29 30 31 32 33 34 35 36
942 1 2 3 4 5 6 7
3336 3 4 5 6 7 8 9 10 11 12 13 14 15 16 17 18 19 20 21 22 23 24 25 26 27 28 29 30 31 32 33 34 35 36
2852 2 3 4 5 6 7 8 9 10 11 12 13 14 15 16 17 18 19 20 21 22 23 24 25 26
3954 10 11 12 13 14 15 16 17 18 19 20 21 22 23 24 25 26 27 28 29 30 31 32 33 34
2739 28 29 30 31 32 33 34 35 36
2965 8 9 10 11 12 13 14 15 16 17 18 19 20 21 22 23 24 25 26
384 21 22 23 25 26 27 28
252 2 3 4 5 6 7 8 9 10 11 12 13
309 1 2 3 4 5 6 7 8 9 10 11 12 13 16 17 18 19 20 21 22 23
2450 4 5 6 7 8 9 10 11 12 13 14 15 16 17 18 19 20 21 22 23
52 4 5 6
2599 11 12 13 14 15 16 17 18 19 20 21 22 23 24 25 26 27 28 29 30 31 32 33 34 35 36
2667 2 3 4 5 6 7 8 9 10 11 12 13 14 15 16 17 18 19 20 21 22 23 24 25 26 27 28 29 30 31 32 33 34 35 36
1132 13 14 15 16 17 18 19
2299 21 22 23 24 25 26
1585 4 5 6 7 8 9 10 11 12 13 14 15 16 17 18 19
252 14 15
6007 14 15 16 17 18 19 20 21 22 23 24 25 26 27 28 29 30 31 32 33 34 35 36
5960 13 14 15 16 17 18 19 20 21 22 23 24 25 26 27 28 29 30 31 32 33 34 35 36
6007 4 5 6 7 8 9 10 11 12 13
59 10 11 12
2657 13 14 15 16 17 18 19 20 21 22 23 24 25 26 27 28 29 30 31 32 33 34 35 36
5881 1 2 3 4 5 6 7 8 9 10 11 12 13 14 15
400 4 5 6 7 8 9 10 11 12 13 14 16 17 18 19 20 29 30 31 32 33 34 35 36
1322 4 5 6 7 8 13 14 15 16 17 18 19
1333 13 14 15 16 17 18 19
6535 11 12 13 14 15 16 17 18 19 20 21 22 23 24 25 26 27 28 29 30 31 32 33 34 35 36
7151 1 2 3 4 5 6 7 8 9 10 11 12 13 14 15 16 17 18 19 20 21 22 23 24 25 26 27 28 29 30 31 32 33 34 35 36
7221 24 25 26 27 28 29 30 31 32 33 34 35 36
7221 23
1569 4 5 6 7 8 9 10 11 12 13 14 15 16 17 18 19
63 21
88 24
43 21
1227 6 7 13 14 15 16 17 18 19
6946 10 11 12 13 14 15 16 17 18 19 20 21 22 23 24 25 26 27 28 29 30 31 32 33 34 35 36
6469 14 15 16 17 18 19 20 21 22 23 24 25 26 27 28 29 30 31 32 33 34 35 36
7016 15 16 17 18 19 20 21 22 23 24 25 26 27 28 29 30 31 32 33 34 35 36
5389 2 3 4 5 6 7 8 9 10 11 12 13 14 15 16 17 18 19 20 21 22 23 24 25 26 27 28 29 30 31 32 33 34 35 36
5405 5 6 7 8 9 10 11 12 13 14 15 16
2615 28 29 30 31 32 33 34 35 36
2477 27 28 29 30 31 32 33 34 35 36
2213 28 29 30 31 32 33 34 35
69 17 18
430 11 12 13 14 16 17 18 19 20 29 30 31 32 33 34 35 36
897 2 3 4 5 6 7 8 9 10 11 12 13 14 15 16 17 18 19 20 21 22 23 24 25 26 27 28 29 30 31 32 33 34
5881 16 17 18 19 20 21 22 23 24 25 26 27 28 29 30 31 32 33 34 35 36
602 18 19 20 21 22 23 24 25 26 27 28 29 30 31 32 33 34 35 36
868 4 5 6 7 8 9 10 11 12 13 14 15 16 17
0 4 5 6 7 8 9 10 11 12 13 14 15 16 17 18 19
1216 8 9 10 11 12 20 21 22 23 24 25 26 27 28 29 30 31 32 33 34 35 36
1281 9 10 11 12 20 21 22 23 24 25 26 27 28 29 30 31 32 33 34 35 36
1120 20 21 22 23 24 25 26 27 28 29 30 31 32 33 34 35 36
7084 15 16 17 18 19 20 21 22 23 24 25 26 27 28 29 30 31 32 33 34 35 36
1781 7 8 9 10 11 12 13 14 15 16 17 18 19 20 21 22 23 24 25 26 27 28 29
1872 8 9 10 11 12 13 14 15 16 17 18 19 20 21 22 23 24 25 26 27 28 29
344 15 24
5605 1 2 3 4 5 6 7 8 9 10 11 12 13 14 15 16 17 18 19 20 21 22 23 24 25 26 27 28 29 30 31 32 33 34 35 36
5565 2 3 4 5 6 7 8 9 10 11 12 13 14 15 16 17 18 19 20 21 22 23 24 25 26 27 28 29 30 31 32 33 34 35 36
1969 5 7 8 9 10 11 12 13 14 15 16 17 18 19 20 21 22 23 24 25 26 27 28 29
2299 27 28 29 30 31 32 33 34 35 36
2348 21 22 23 24 25 26 27 28 29 30 31 32 33 34 35 36
715 33 34 35 36
998 9 10 11 12 13 14 15 16
6313 15 16 17 18 19 20 21 22 23 24 25 26 27 28 29 30 31 32 33 34 35 36
6344 16 17 18 19 20 21 22 23 24 25 26 27 28 29 30 31 32 33 34 35 36
2437 24 25 26 27 28 29 30 31 32 33 34 35 36
1796 2 3 4 5 6 30 31 32 33 34 35 36
2010 22 23 24 25 26 27 28 29 30 31 32 33 34 35 36
2632 2 3 4 5 11 12 13 14 15 16 17 18 19 20 21 22 23 24 25 26 27
3584 11 12 13 14 15 16 17 18 19 20 21 22 23 24 25 26 27 28 29 30 31 32 33 34 35 36
1529 2 3 4 5 6 7 8 9 10 11 12 13 14 15 18 19
1600 6 7 8 9 10 11 12 13 14 15 16
546 18 19 20 21 22 23 24 25 26 27 28 29 30 31 32 33 34 35 36
1057 14 15 16 17 18 19 20 21 22 23 24 25
1600 17 18 19 20 21 22 23 24 25 26 27 28 29 30 31 32 33 34 35 36
5790 13 14 15 16 17 18 19 20 21 22 23 24 25 26 27 28 29 30 31 32 33 34 35 36
812 18 19 20 21 22 23 24 25 26 27 28 29 30 31 32 33 34 35 36
897 35 36
0 20 21
5625 3 4 5 6 7 8 9 10 11 12 13 14 15 16 17 18 19 20 21 22 23 24 25 26 27 28 29 30 31 32 33 34 35 36
3491 2 14 15 16 17 18 19 20 21 22 23 24 25 26 27 28 29 30 31 32 33 34 35 36
3642 6 7 8 9 10 11 12 13 14 15 16 17 18 19 20 21 22 23 24 25 26 27 28 29 30 31 32 33 34 35 36
59 8 9
2654 11 12 13 14 15 16 17 18 19 20 21 22 23 24 25 26 27 28 29 30 31 32 33 34 35 36
52 7 8 9 10 11 12 13 14 15 16 17 18
642 1 2 3 4 5 6 7 8 9 10 11 12 13 14 15 16 17 18 19 20 21 22 23 24 25 26 27 28 29 30
546 2 3 4 5 6 7 8 9 10 11 12 13
6236 5 6 7 8 9 10 11 12 13 14 15 16 17 18 19 20 21 22 23 24 25 26 27 28 29 30 31 32 33 34 35 36
6144 13 14 15 16 17 18 19 20 21 22 23 24 25 26 27 28 29 30 31 32 33 34 35 36
3841 20 21 22 23 24 25 26 27 28 29 30 31 32 33 34 35 36
3808 4 5 6 7 8 9 10 11 12 13 14 15 16 17 18 19 20 21 22 23 24 25 26 27 28 29 30 31 32 33 34 35 36
3902 7 8 9 10 11 12 13 14 15 16 17 18 19
3841 3 4 5 6 7 8 9 10 11 12 13 14 15 16 17 18 19
4373 1 2 3 4 5 6 7 8 9 10 11 12 13 14 15 16 17 18 19 20 21 22 23 24 25 26 27 28 29 30 31 32 33 34 35 36
1194 4 5 6 7 8 9 10 11 12
3099 19 20 21 22 23 24 25 26 27 28 29 30 31 32 33 34 35 36
88 25
2905 7 8 9 10 11 12 13 14 15 16 17 18 19 20 21 22 23 24 25 26
1727 30 31 32 33 34 35 36
1310 3 4 5 6 7 8 13 14 15 16 17 18 19
88 26 27 28 29 30 31 32 33
0 22 23 24 25 26 27 28 29 30 31 32 33 34 35 36
81 24 25 26 27 28 29 30 31 32 33 34 35 36
